Rosemount,5,9,true,92.02785632168596,98.79490286660122,94.33544627337578,85.1161847807832,-22400,-657956,-6750208,122.43,119.8,120.39,126.01,123.81,
Nacho,3,9,true,96.84460573040059,86.55813723363778,98.43158411863868,85.90201838577603,-16777216,-15071744,-16777216,121.6,120.55,125.56,
Bartholomew,5,10,true,92.67494690092707,99.92246353536966,90.04453309330962,100.80783742917549,-8355712,-16777216,-10085888,120.4,119.58,122.52,121.15,125.78,
Duce,2,3,true,82.05668283914534,96.67469376953721,96.47302582572827,98.48467022668277,-16777216,-6750208,-11861886,122.55,127.65,
Night,5,8,true,90.89063313559059,92.99680932308655,96.80734170175836,97.04954215863768,-16777216,-15071744,-20561,117.82,122.25,124.73,122.89,128.15,
Copper,2,9,true,91.05942018199221,93.91442064434443,98.08479412792495,91.92450894479603,-12566464,-6750208,-11726080,126.85,128.33,
Banter,3,6,true,88.6588682013175,93.92603403303029,91.83596675195064,94.23385360652273,-12566464,-10085888,-15071744,122.08,125.38,129.96,
Jack,0,4,true,87.4641839596911,98.4116819082419,85.71525678032856,95.03767253668283,-10085888,-983056,-65281,
Tesa,0,6,true,89.01518747066356,98.46001090094036,96.56941437933448,86.68022588881486,-1828,-4684277,-20561,
Pawnee,0,5,true,89.82528802620422,94.33413381867545,97.25053040563735,89.2087230071437,-8355712,-22400,-11726080,
