-16113790
-13992543
-12996175
-13126731
-9388658
-1846463
-10193
-338125
-403660
-403148
-271050
-736977
-2271724
-3275775
-3538944
-3473408
-2940408
-1271772
-402634
-337355
-403404
-204746
-1804516
-3342336
-3145728
-7973547
-13125962
-12930639
-12865360
-13061454
-7516337
-3206638
-2538685
-2005145
-2070424
-2405814
-3007974
-2949120
-7143390
-16449418
-16777093
-16777098
-13026921
-16777096
-16776839
-15251057
-13196629
-12732494
-12865104
-12799312
-12733006
-12798031
-13195348
-13992288
-15119472
-16179582
-16645254
-16511363
-14784098
-11161188
-2961074
-10447
-270794
-803025
-2538224
-2942201
-336842
-337356
-2205675
-9735052
-13257034
-12930382
-6212556
-3080192
-3014656
-10485695
-16777091
-16777094
-15384692
-13395543
-12667469
-12799311
-12799055
-12797775
-12799568
-13197398
-13993056
-15052911
-16178041
-15719551
-6184104
-74958
-272334
-336843
-669391
-2339309
-2939640
-1070808
-336587
-537039
-2673139
-3276800
-3864568
-11039090
-13192012
-12995661
-12213084
-5169120
-3211264
-4063227
-13500324
-16777092
-15782778
-13859165
-12864335
-12733263
-12798799
-12798287
-12863821
-13523791
-9263745
-1060809
-75214
-337868
-1937893
-3407615
-2672627
-803282
-336586
-804820
-3139578
-5038562
-12017761
-13061197
-13126219
-11365485
-4255471
-6094824
-15925134
-16247168
-14522727
-13129299
-12667214
-13127501
-11946584
-3354540
-9680
-270539
-1269209
-3206395
-2138346
-535757
-337099
-270281
-1404894
-3406846
-12734288
-12995918
-13256777
-10322306
-3473151
-9306059
-16777097
-16776070
-15450484
-13595484
-12864847
-12732750
-12930896
-13324619
-8733562
-665801
-206798
-536783
-2537968
-3273725
-1338589
-2007018
-7908782
-13126476
-13060940
-8756381
-3538943
-12582829
-16312961
-14854252
-13395287
-12798798
-12996431
-12865362
-4798114
-9936
-1338075
-3340030
-2673651
-736209
-603856
-2740724
-3407871
-3866620
-4325368
-4587510
-4456439
-4259832
-4259833
-4063226
-3932155
-3801085
-3735548
-3670013
-3670014
-3473407
-2818048
-2883584
-9734538
-12865103
-6930625
-5242864
-15269781
-14720616
-13329495
-12799054
-13258829
-11488095
-2043580
-75727
-470221
-2406384
-1738466
-270538
-1072089
-3997690
-5570541
-7471068
-9568201
-11665332
-13631396
-14811033
-15204245
-15204246
-14942103
-14614426
-14286750
-14024608
-13696931
-13434789
-13238183
-12910506
-12648364
-12451759
-12124081
-11861941
-11468726
-11272120
-11075515
-10682302
-10289089
-10026948
-9699271
-9371594
-9240525
-8912846
-8519633
-8257492
-7864279
-7667674
-7274460
-6881247
-6684643
-6160358
-5832681
-5439470
-4849650
-4521975
-4194296
-4128762
-3932156
-3801084
-3995383
-11104112
-12343642
-5299678
-8126422
-16711559
-16047998
-14721642
-13528153
-12666957
-13192780
-9585264
-731337
-1004247
-3206651
-2807287
-802770
-271306
-1938662
-9043917
-15728528
-16580490
-16777090
-16777089
-16580488
-16449419
-16187275
-16187278
-15990670
-15859601
-15597459
-15400851
-14679962
-14155678
-13631397
-12976042
-12255152
-11534263
-10747837
-10092484
-9306061
-8585169
-7995351
-7208926
-6160359
-5439471
-4653045
-4194297
-3473406
-5103841
-12148062
-11300206
-4190706
-16313216
-15186287
-13992032
-13261909
-12733775
-12798286
-12931664
-13656401
-8278407
-337613
-272333
-271051
-1872613
-1606113
-538320
-2674164
-6422502
-16383881
-15990671
-15531921
-15138710
-14548891
-12255153
-10878909
-9437129
-8191957
-6815713
-5373934
-4325369
-6473929
-3075052
-2470579
-1804168
-1670269
-2005402
-2873047
-14417820
-16710277
-15981435
-14920556
-13926239
-13197142
-12800079
-12799567
-12998226
-13527384
-14058593
-14721386
-16639866
-9015973
-603599
-2738676
-1205211
-3339774
-10944445
-16252810
-12976040
-8978382
-5308400
-3997691
-8104362
-7777967
-2406585
-868417
-1286
-1
-467491
-2003603
-3275258
-6946785
-16383882
-16710021
-16180095
-15319155
-14523241
-13859679
-13263447
-12932433
-12865102
-12732238
-12733007
-12798543
-12864848
-12798029
-12865361
-12998482
-13263191
-13661531
-14125666
-15318386
-15981180
-16314241
-16710789
-8952745
-9677
-3273981
-3340287
-1338077
-335817
-337100
-2073833
-5832682
-15138709
-16383884
-15531924
-13762465
-11403192
-4521973
-3604480
-9212820
-12669780
-5821396
-2471864
-466720
-67850
-2003346
-10485696
-16643972
-15716729
-15185265
-14523496
-14125409
-13727581
-13461848
-13131092
-13064274
-12998225
-12931920
-12865873
-12865617
-12799824
-12866128
-12932177
-12997970
-13064275
-13262933
-13462617
-13728350
-14125411
-14522985
-14855277
-15384691
-15914876
-16378240
-16446851
-10333346
-272332
-272077
-2006504
-2272493
-737233
-2875129
-10158019
-16187276
-14614427
-12124082
-9437130
-6750178
-4390902
-3342079
-9734795
-11495786
-4451822
-3205867
-867389
-400927
-2806483
-4063225
-16776838
-16578179
-16445570
-16247424
-16113789
-15783545
-15584375
-15517044
-15449971
-15252338
-15185776
-15185520
-15251825
-15252594
-15450227
-15517046
-15650168
-15914874
-16180094
-16378241
-16511364
-16512900
-13160087
-1061066
-140493
-670673
-2873334
-3006968
-736721
-1539041
-5111792
-14221213
-16252812
-14483356
-5439469
-3735549
-9147798
-9604237
-2403758
-66308
-1737090
-6029288
-16121740
-15531922
-14483355
-14024609
-13959073
-14024607
-15531923
-16711560
-15855242
-3691199
-8910
-336075
-1404895
-3406847
-3341055
-1737443
-2540017
-8716240
-16580489
-15335316
-12517295
-8847311
-5701612
-3735551
-2752512
-7058617
-12995148
-12930383
-12603987
-6604230
-1269343
-1000774
-3407101
-16646025
-12976043
-10420162
-8060886
-6160360
-5046257
-4521974
-4980720
-6291431
-8257491
-10616769
-13107113
-7966126
-337612
-404430
-2406126
-3006201
-3274238
-12713900
-15400852
-12386223
-8323029
-7003855
-11886690
-9995140
-3929847
-3073767
-534312
-667440
-3207409
-3604478
-12844971
-11993011
-3735550
-5767149
-5821659
-933327
-1137881
-3207164
-6684644
-15597458
-15073175
-13937013
-13128528
-13257291
-11299949
-5495001
-2604992
-132872
-668211
-3207666
-5373933
-9633737
-5505005
-1608422
-404429
-2272749
-16644229
-15053422
-13462105
-12931409
-12733264
-12080475
-9929093
-5429465
-1202265
-8454098
-16646023
-4718580
-3007224
-1004503
-1204698
-3141884
-4784115
-13369256
-16313218
-15582838
-14921838
-13546622
-8966839
-4257267
-2621440
-1336421
-11927475
-2472943
-604624
-538064
-2473970
-6881249
-15531925
-11861943
-7077855
-934467
-200721
-2804684
-4915187
-14876570
-11468727
-5701611
-2072553
-536526
-271819
-1804515
-3407103
-16252813
-12582830
-7536604
-3406844
-999489
-868160
-3274230
-13893536
-7798744
-3406335
-470478
-336331
-1138137
-3073787
-4194298
-16187277
-7077854
-3932157
-1470577
-11272121
-15859599
-3340286
-1872102
-602574
-336330
-870867
-2739956
-13500326
-16121742
-7602139
-2606534
-332821
-2808025
-5177329
-7208925
-7667675
-4587508
-14876569
-3275519
-2007017
-735184
-671698
-6422501
-16318348
-8781776
-4915186
-1803654
-132615
-1870989
-7339997
-9961412
-12910507
-16449416
-7012320
-11730869
-5505006
-2406383
-936660
-205513
-337611
-671954
-2405871
-7405533
-15269780
-10747838
-6881250
-3340280
-1870732
-466463
-401184
-5505004
-7733210
-10289090
-13041577
-16514953
-16056205
-14221215
-2872565
-1272283
-1003735
-2540016
-8126423
-13762468
-9961414
-6553571
-4259831
-1869704
-1401700
-1402471
-1871760
-2872276
-4784116
-8650704
-11075513
-10420160
-4653046
-3141372
-2004711
-804563
-604368
-1605345
-2939895
-8323028
-15466387
-16056206
-14155681
-3997692
-4653044
-6422500
-8388564
-10354625
-12844970
-14876568
-6488036
-16121741
-12910505
-6356965
-2940665
-2072809
-1272027
-738003
-536781
-470220
-469965
-603854
-1070296
-1672418
-2607604
-7929816
-11009979
-6946783
-4128761
-8978383
-10944444
-13172647
-16056207
-14221214
-9961413
-15007639
-3406591
-3008250
-2806516
-2474225
-2671859
-2874360
-3207676
-16318347
-14352285
-7536603
-6815714
-9568200
-13500325
-15794065
-15662993
-16514952
-11796405
-6946786
-14679963
-16514954
-16252811
-16646026
-7667672
-14155680
-3274749
-3073785
-6815715
-14352284
-9174988
-15925135
-2206701
-3340543
-6619107
-14548892
-12058545
-12779435
-6488037
-1538014
-138183
-1737698
-3074556
-14483357
-13959075
-15466388
-3072761
-869587
-272075
-1338588
-2940664
-14745498
-4849651
-8847312
-16383883
-11534262
-2271723
-534477
-1139162
-2940922
-15138711
-5898218
-12451758
-14090144
-7536602
-3340799
-1272285
-402123
-1403868
-3075068
-7864280
-15466386
-6946784
-5373936
-15859600
-10158020
-2807029
-1804771
-8519636
-8191956
-8519634
-6356966
-1939175
-402891
-537807
-2406639
-9633736
-12320689
-15007638
-1071576
-3206652
-10616768
-10878908
-5308401
-15073174
-2539505
-471502
-403915
-2273261
-11993010
-8388562
-13762466
-7143391
-3273724
-1337564
-335819
-1205979
-13369255
-13107112
-12058546
-9699273
-1940199
-604112
-2807285
-6291429
-14811034
-13893538
-12713899
-6094823
-3341567
-2205676
-538576
-7995350
-14286749
-3008506
-1805797
-602831
-336074
-1736161
-14745497
-3275263
-2406125
-1071063
-1071575
-3274750
-12189617
-4390903
-3007739
-1605858
-471246
-803795
-3206139
-5636076
-5373935
-16711561
-402379
-7667673
-15728530
-5636075
-11730867
-15662994
-11206586
-5767146
-3073529
-1205466
-2806775
-3604479
-5898217
-12058547
-6553572
-1538785
-402635
-11861939
-7798746
-16646024
-12517293
-2139882
-470477
-537038
-11403191
-3670015
-936916
-2672114
-4587511
-6619109
-14614428
-9502665
-1871334
-2672370
-8388563
-9174986
-3072247
-870100
-471759
-4980721
-10878907
-9371595
-403147
-2739955
-7077856
-9961411
-15728527
-4325367
-14221217
-9699272
-3340798
-1205210
-2806260
-3866619
-4849653
-7602140
-11337657
-6750179
-10551231
-2873079
-603600
-13959072
-11665333
-5046258
-2204907
-604880
-2874358
-6553570
-7339995
-13369253
-13369254
-1537760
-336329
-670929
-2942458
-9764807
-7733209
-15007640
-8716242
-3207420
-739283
-7798743
-9109454
-11927476
-5963755
-2873591
-3274237
-9830342
-12386222
-2406382
-404173
-1272796
-5111794
-4390904
-1872358
-335818
-1738722
-3340542
-11796404
-7602137
-8650706
-3407616
-1405149
-270795
-2073835
-2472432
-2005480
-3011327
-1005784
-2605554
-1671650
-535758
-1737697
-4718582
-13828003
-14155679
-10813373
-5701613
-3861236
-673748
-271307
-671186
-2941177
-3208702
-2272748
-937684
-270283
-2406895
-11206587
-5963753
-15925137
-12116136
-1455817
-206028
-1137368
-3342335
-2740725
-1470942
-737746
-3073018
-7471067
-13816979
-1257927
-206285
-1737185
-1871589
-671185
-1272540
-13686677
-1126857
-140749
-3205371
-871380
-2071528
-14278290
-1390024
-9421
-670160
-2941689
-2138090
-2939383
-8650705
-15001486
-2442436
-1804770
-870611
-468428
-6029289
-15925136
-16053642
-4414907
-8655
-337098
-2004455
-3140859
-2672883
-537551
-271563
-1471711
-3273726
-7373999
-8399
-536270
-1940200
-2807799
-2806773
-2740212
-2673652
-2605809
-2538736
-2340333
-2205419
-1805284
-1337307
-870356
-536782
-1071064
-2940663
-11665334
-9895876
-11385502
-667083
-471758
-603855
-603344
-469709
-403403
-336844
-205258
-2674933
-15067534
-3099329
-1137369
-2806005
-10289088
-4980722
-7834028
-9422
-272076
-601806
-1538271
-10813374
-13094551
-1587143
-74701
-937430
-14024610
-11141050
-16317065
-5533366
-8654
-803538
-1805539
-3006969
-16580487
-11384990
-995273
-74957
-937172
-1872100
-3006712
-10223555
-16053643
-5203896
-469453
-1137624
-1873126
-2540018
-2806517
-2673140
-2539504
-2473712
-2541298
-2874103
-11779485
-1258441
-9166
-469708
-736722
-1135832
-1268952
-1004502
-803794
-604881
-1205467
-2473457
-3341312
-16448392
-6584499
-538063
-1472223
-2339053
-3341568
-6291430
-13631395
-5898220
-13818260
-2902466
-737232
-1604064
-2739444
-3801086
-10530465
-1257929
-338124
-1939687
-3142397
-14811032
-4390905
-16514184
-7637166
-337869
-336332
-403916
-1603808
-15265165
-5467063
-74446
-1471199
-3075066
-13893537
-10747839
-14344081
-4612539
-9165
-1671906
-3538942
-13041575
-7733208
-14212498
-4875194
-404941
-15400853
-14607505
-6124212
-404172
-738771
-12582828
-15659147
-8294315
-1455560
-8911
-1604575
-8716239
-11516829
-3888573
-74445
-206029
-2606834
-14870159
-8294314
-2113221
-1192906
-2836673
-4020412
-4940728
-5138359
-5006264
-3758527
-1985482
-997837
-404174
-9424
-8398
-1407970
-3800572
-6094822
-9109451
-9109453
-7602138
-13696932
-11730868
-13554838
-7308207
-2113477
-140237
-1784518
-5532599
-10003875
-13489046
-15198350
-16711047
-15791755
-14543764
-13491608
-10796453
-7508147
-4875195
-2047429
-8652
-1392331
-10672561
-14876571
-13303718
-5308399
-14015378
-8688809
-3494080
-666315
-1982149
-7570863
-13489300
-16514183
-16513928
-14409873
-10595744
-5729974
-1981893
-7886
-9345190
-15335317
-5963754
-5308398
-11516573
-6453427
-2705090
-534989
-1192649
-6387380
-13423509
-16645512
-13752723
-8623274
-2836930
-5007033
-15790731
-10616767
-5111793
-15662995
-5570540
-13172649
-14869903
-11187614
-6650289
-3034049
-797900
-1061577
-5137847
-11713693
-16448137
-14935951
-11582621
-15724940
-15199117
-12108187
-7768493
-4546235
-2179013
-74702
-403662
-1127112
-3230911
-6913202
-12239771
-16119690
-14090143
-7405532
-9371593
-16185482
-14541201
-12568473
-10267043
-8491433
-7636910
-7440046
-7768237
-9083047
-10924959
-13291670
-15264653
-5177327
-15728529
-12320688
-11468728
-10092483
-7929815
-10616766
-5832683
-6881248
-15794064
-7274461
-10682303
-5242863
-7471069
-9568199
-13565860
-16449417
-15794063
-8519635
-15859598
-15990669
-16514955
-9895878
-7864281
-12517294
-11009980
-13434790
-10551233
-4456438
-12976041
-8454099
-13696930
-12648365
-5832685
-14417821
-5963751
-3604477
-14942104
-9174987
-8126421
-13762467
-9240522
-13238185
-4587509
-6094825
-8323027
-16318346
-11141051
-13959074
-2686976
-9502664
-14679961
-6684642
-15597457
-12517296
-11141052
-12386221
-13434788
-9240523
-8912847
-10354626
-15269779
-4325366
-5767147
-11599799
-4259830
-6553573
-10485698
-11599797
-14352287
-6225895
-12386224
-11337656
-9174989
-8126420
-12320687
-10026949
-7929814
-5505007
-11075516
-4980723
-12713901
-5177328
-15662992
-13107115
-13828001
-9502666
-13303719
-11009978
-7143389
-10551232
-8454100
-13828002
-5570542
-9306058
-3932154
-9174990
-5046256
-6160361
-6225894
-11927474
-15597456
-9830343
-13434791
-3670012
-11206585
-4128763
-4063224
-4456437
-8716241
-8191958
-13303720
-9043918
-11599798
-6225893
-7208924
-14352286
-13565861
