Applejack,1,3,true,90.98455000498718,97.7128206169397,91.17117832994118,85.01378267387176,-16777216,-6750208,-10085888,120.78,
Penny,2,9,true,96.77250718717008,88.7579383635613,96.17021944926704,97.78699941387038,-6737152,-16777216,-7722014,122.88,122.94,
April,2,9,true,94.91065521823003,91.48430531163886,93.97680534304124,92.29758840141024,-1828,-22400,-7722014,123.06,123.58,
Captain,6,10,true,92.51406080403845,95.74650852122339,95.10108657731678,93.35660408244158,-16777216,-3394816,-11665528,117.58,122.25,122.62,121.67,122.57,123.72,
Tanka,2,10,true,93.40983127314254,92.73589659782186,92.67934382843512,91.24696049913837,-8355712,-657956,-65281,124.03,128.01,
Dusty,2,5,true,90.43576110771646,86.2582924107865,98.29921207989605,90.83105023040797,-52,-16777216,-3394816,126.21,129.33,
Jule,1,3,true,88.28880688030848,94.93663170115425,89.61592047032788,87.3082837683718,-6737152,-16777216,-16711681,129.68,
Chix,0,9,true,93.3987904095607,87.1696149323513,100.51013515383356,96.35606524578044,-16777216,-22400,-6750208,
Remi,0,8,true,91.49732124862452,99.16319725960835,97.11335722081274,92.36138858566792,-657956,-16777216,-15071744,
Corky,0,7,true,92.7175396618766,91.15439501421488,92.11680356567722,88.55923503395222,-16777216,-657956,-16777216,
