Lena,1,10,true,99.20232379712098,90.57945618558628,89.88737132285046,90.19030967097171,-12566464,-4684277,-16777216,122.16,
Cappicino,5,9,true,90.81259674926332,99.15666041614897,96.01050940044634,85.35300125231986,-52,-6737152,-16711681,122.26,123.46,122.02,123.42,124.75,
Robby,1,5,true,93.28262303274782,94.49389750807764,99.14824178226684,86.10737940888453,-22400,-16777216,-11861886,127.52,
Kiowa,2,7,true,89.17662731025626,93.17384791617307,100.93180236793718,87.18727322192723,-52,-983056,-20561,126.6,127.56,
Hurricane,4,5,true,78.21432603703045,95.52157086657361,99.00266417429867,90.70855622847944,-983056,-6750208,-11665528,122.77,122.74,126.07,129.43,
Aries,0,3,true,93.22057836809155,86.40468638143835,88.47106542452163,99.47556140424248,-8355712,-15071744,-10085888,
Feel,0,8,true,100.02929931008296,92.36190724685602,93.55341953784325,93.88067180676107,-657956,-6750208,-22400,
Buster,0,10,true,99.19581880118349,85.07996400957717,95.16638991360357,85.57154295905423,-983056,-15071744,-3394816,
Mystic,0,8,true,87.52532944237359,100.28584199162545,97.14153512319909,92.41370217141547,-6737152,-657956,-10085888,
Playgirl,0,10,true,93.86794783813177,97.51451985671393,85.41724564075514,86.65193676200545,-52,-16777216,-8355712,
